OTUID	Number	ASCC_Site	Plot	Unit	Block	Depth	Sampling_Date	Soil_Horizon	Date_Processed	DOC	TDN	Na	NH4	K	Mg	Ca	Cl	NO3	PO4	SO4
ASCC1_C2_4_0923_SJ_1C_5	203	SJ	5	C	2	0_5cm		Mineral	10/23/23	14.315	4.2645	0.235	0.01	8.93	2.405	18.54	0.9175	9.613	1.0725	0.8515
ASCC100_11_73_0923_TP_1C_5	159	TP	73	11	3	0_5cm		Mineral	9/20/23	14.32	4.26	0.29	0.035	2.83	0.035	0.7345	0.8315	0.507709756	0.129590901	0.387
ASCC101_10_68_0928_TP_1C_5	165	TP	68	10	3	0_5cm		Mineral	9/21/23	15.4	1.09	0.395	1.22	2.45	0.215	0.675	0.721	0.033	0.348108012	0.564
ASCC102_12_82_0923_TP_1C_5	177	TP	82	12	3	0_5cm		Mineral	9/20/23	20.81	0.49785	0.545	0.07	7.235	1.875	8.15	1.9205	0.766019087	0.620506466	1.394
ASCC103_11_73_0923_TP_1C_15	160	TP	73	11	3	5_15cm		Mineral	9/20/23	7.32	0.12595	0.55	0.005	1.66	0.015	0.774352	1.1335	0.442209395	0.650612449	0.497
ASCC104_5_32_0923_TP_1C_15	117	TP	32	5	2	5_15cm		Mineral	9/20/23	15.755	1.2215	1.11	0.02	1.79	0.156316058	1.27	1.9795	0.0715	0.211919658	0.6285
ASCC106_7_43_0923_TP_1C_5	107	TP	43	7	2	0_5cm		Mineral	9/18/23	10.42	0.841	0.41	0.015	1.8	0.438217294	0.315	0.9825	0.004054189	0.786262071	0.655
ASCC108_15_100_0923_TP_1C_5	149	TP	100	15	4	0_5cm		Mineral	9/15/23	19.865	0.42155	0.435	0.005	4.79	0.215	0.51	2.815	0.535907821	0.226865246	0.682
ASCC109_6_39_0923_TP_1C_5	110	TP	39	6	2	0_5cm		Mineral	9/18/23	9.975	1.706	0.6	0.075	2.56	0.910663185	0.315	1.607	3.2065	0.531648862	0.6215
ASCC11_C2_5_0923_SJ_1C_15	195	SJ	2	C	2	5_15cm		Mineral	10/23/23	14.185	0.924	0.405	0.005	6.865	0.79	6.245	1.1715	0.642953322	0.8975	0.6305
ASCC110_1_3_0923_TP_1C_5	131	TP	3	1	1	0_5cm		Mineral	9/13/23	10.99	0.4801	0.44	0.09	3.615	0.387052107	3.635	1.616	0.4945	0.987066438	1.1565
ASCC111_7_44_0923_TP_1C_15	123	TP	44	7	2	5_15cm		Mineral	9/18/23	11.41	0.37025	0.61	0.145	1.985	0.365608565	0.51	1.3125	0.085	0.886302144	0.6675
ASCC113_12_84_0923_TP_1C_15	95	TP	84	12	3	5_15cm		Mineral	9/20/23	30.075	0.4879	0.71	0.285	2.435	0.73566452	1.27	1.824	0.3735	0.92006581	1.237
ASCC114_9_60_0923_TP_1C_5	162	TP	60	9	3	0_5cm		Mineral	9/20/23	26.745	1.1075	0.635	1.185	6.015	0.64	3.3	2.5565	0.0615	0.833969101	2.758
ASCC115_3_15_0923_TP_1C_5	104	TP	15	3	1	0_5cm		Mineral	9/18/23	17.32	1	0.605	0.285	3.185	0.082908457	2.3	1.787	0.114	0.39139623	0.8375
ASCC116_4_24_0923_TP_1C_5	98	TP	24	4	1	0_5cm		Mineral	9/18/23	18.955	0.79	0.64	0.22	2.8	0.205109362	3.895	1.096	0.0995	0.400762935	0.6605
ASCC117_14_94_0923_TP_1C_15	187	TP	94	14	4	5_15cm		Mineral	9/20/23	14.315	0.746	0.38	0.02	3.205	0.41	4.74	1.1815	0.414167317	0.284699495	0.6805
ASCC118_16_110_0923_TP_1C_5	91	TP	110	16	4	0_5cm		Mineral	9/21/23	14.795	0.618	1.21	0.52	4.49	0.260544889	2.44	5.9885	1.94	0.544045654	1.061
ASCC119_11_72_0923_TP_1C_5	171	TP	72	11	3	0_5cm		Mineral	9/20/23	5.59	0.9595	0.335	0.865	3.575	0.3	0.67	1.221	0.30616995	0.1335	0.5285
ASCC12_T1A_6_0923_SJ_1C_5	254	SJ	2	TA	1	0_5cm		Mineral	11/9/23	16.645	1.5205	0.715	0.405	3.205	0.42	1.16	2.2315	1.926	0.860097344	0.7765
ASCC120_3_16_0923_TP_1C_15	129	TP	16	3	1	5_15cm		Mineral	9/18/23	9.55	0.16555	0.595	0.05	1.06	0.946061133	0.185	0.804	0.335176211	0.662627467	0.5765
ASCC121_6_38_0923_TP_1C_5	155	TP	38	6	2	0_5cm		Mineral	9/20/23	12.535	1.619	0.5	1.1	8.9	0.68	2.205	0.763	0.0535	0.2105	0.5385
ASCC123_2_12_0923_TP_1C_15	141	TP	12	2	1	5_15cm		Mineral	9/15/23	10.38	0.701	0.635	0.005	0.77	0.23	0.275	0.9085	0.944417202	0.088188516	1.1095
ASCC124_4_24_0923_TP_1C_15	99	TP	24	4	1	5_15cm		Mineral	9/18/23	25.4	0.663	0.515	0.175	1.915	0.290741632	2.475	0.986	0.348	0.413588913	0.7635
ASCC125_14_97_0923_TP_1C_5	174	TP	97	14	4	0_5cm		Mineral	9/20/23	25.51	0.15205	0.595	0.01	1.88	0.28	0.74	1.2185	0.811317727	0.862162668	1.4155
ASCC126_6_39_0923_TP_1C_15	111	TP	39	6	2	5_15cm		Mineral	9/18/23	11.035	1.0165	0.58	0.015	2.215	0.827716957	0.825	3.1135	0.769	0.665053382	0.795
ASCC127_5_32_0923_TP_1C_5	116	TP	32	5	2	0_5cm		Mineral	9/20/23	10.795	0.557	0.53	0.035	1.705	0.542170699	0.715	1.265	0.273	0.565724885	0.6165
ASCC128_15_100_0923_TP_1C_15	150	TP	100	15	4	5_15cm		Mineral	9/15/23	5.785	0.19435	0.615	0.025	1.905	0.1994	1.44325	3.0945	0.636253248	0.151	0.446
ASCC129_13_87_0923_TP_1C_5	180	TP	87	13	4	0_5cm		Mineral	9/20/23	8.02	0.23775	0.305	0.165	3.965	0.26	0.205	0.5205	0.422344268	0.201152447	0.5805
ASCC13_T3A_4_0923_SJ_1C_5	207	SJ	5	TA	3	0_5cm		Mineral	10/24/23	9.42	5.169	1.125	1.08	4.235	1.18	4.145	0.7355	5.981	0.588	0.809
ASCC130_4_26_0923_TP_1C_15	120	TP	26	4	1	5_15cm		Mineral	9/20/23	15.425	1.218	0.525	0.185	5.81	0.094912447	0.585	4.2905	0.114	0.595965774	0.8515
ASCC131_5_33_0923_TP_1C_5	113	TP	33	5	2	0_5cm		Mineral	9/18/23	10.49	0.8485	0.34	0.225	2.29	0.257995774	0.94	1.05	0.268660555	0.411307649	0.7205
ASCC132_1_4_0923_TP_1C_5	137	TP	4	1	1	0_5cm		Mineral	9/15/23	13.445	1.248	0.63	0.475	4.68	0.325	0.27	0.629	0.3645	0.600636595	0.4415
ASCC134_10_67_0923_TP_1C_15	169	TP	67	10	3	5_15cm		Mineral	9/20/23	9.705	0.2227	0.38	0.085	2.435	0.22983	1.4398	0.59	0.578818439	0.237	0.446
ASCC136_4_26_0923_TP_1C_5	119	TP	26	4	1	0_5cm		Mineral	9/21/23	20.455	1.2035	0.83	0.02	4.465	0.116702611	1.39	2.681	0.734423826	0.276718253	1.1485
ASCC137_6_38_0923_TP_1C_15	156	TP	38	6	2	5_15cm		Mineral	9/20/23	15.055	1.196	0.87	0.39	8	0.58	2.185	0.9735	0.035	0.267	0.3985
ASCC138_2_13_0923_TP_1C_15	144	TP	13	2	1	5_15cm		Mineral	9/15/23	23.035	0.1823	0.375	0.01	1.27	0.1	0.555	0.4515	0.156288274	0.242966944	0.246
ASCC139_14_94_0923_TP_1C_5	186	TP	94	14	4	0_5cm		Mineral	9/20/23	23.4	0.7465	0.485	0.01	8.38	2.04	17.82	2.3595	0.767003995	0.346557606	0.783
ASCC14_C1_2_0923_SJ_1C_5	196	SJ	4	C	1	0_5cm		Mineral	10/23/23	28.57	1.45	0.38	0.01	5.28	0.71	5.03	1.762	0.666178541	0.361737265	1.6045
ASCC140_5_33_0923_TP_1C_15	114	TP	33	5	2	5_15cm		Mineral	9/18/23	9.165	0.19315	0.47	0.02	2.48	0.214153594	0.22	2.3185	0.372137644	0.698386228	0.6305
ASCC141_7_43_0923_TP_1C_15	108	TP	43	7	2	5_15cm		Mineral	9/18/23	8.35	1.052	0.67	0.015	1.695	0.319384568	0.40987	1.7535	0.355016265	0.722353634	0.7485
ASCC142_9_58_0923_TP_1C_15	153	TP	58	9	3	5_15cm		Mineral	9/20/23	9.185	1.087	0.425	0.24	0.78	0.28754	1.5034	0.5745	0.651273062	0.531	0.5565
ASCC145_15_101_0923_TP_1C_15	147	TP	101	15	4	5_15cm		Mineral	9/15/23	8.68	0.06045	0.36	0.005	0.785	0.14	0.545	0.5145	0.235434876	1.0775	0.4525
ASCC146_12_82_0923_TP_1C_15	178	TP	82	12	3	5_15cm		Mineral	9/20/23	10.505	0.0812	0.585	0.005	0.995	0.365	0.93	1.353	0.365454143	0.43218024	1.035
ASCC148_10_67_0923_TP_1C_5	168	TP	67	10	3	0_5cm		Mineral	9/20/23	9.18	1.43	0.345	0.99	2.975	0.09	0.3985	0.819	0.1445	0.376927966	0.4495
ASCC149_3_16_0923_TP_1C_5	128	TP	16	3	1	0_5cm		Mineral	9/20/23	10.265	0.8535	0.21894	0.08345	0.44893	0.2398	1.32458	0.59923	0.272007368	0.659489435	0.327589195
ASCC15_T3C_4_0923_SJ_1C_5	260	SJ	5	TC	3	0_5cm		Mineral	11/10/23	9.7	2.5545	0.43	0.2401	2.335	0.525	2.45	0.52	7.7635	0.743616254	0.6395
ASCC150_9_58_0923_TP_1C_5	152	TP	58	9	3	0_5cm		Mineral	9/20/23	11.08	1.323	0.395	0.985	1.32	0.23094	1.42093	0.7365	0.0125	0.1435	0.508
ASCC151_9_60_0923_TP_1C_15	163	TP	60	9	3	5_15cm		Mineral	9/20/23	21.045	1.164	0.605	0.02	3.265	0.415	2.21	1.5715	0.058874797	0.229	0.683
ASCC152_7_44_0923_TP_1C_5	122	TP	44	7	2	0_5cm		Mineral	9/18/23	13.9	0.20825	0.505	0.145	2.875	0.569747648	2.02	1.086	0.051	0.220389252	0.537
ASCC153_13_87_0923_TP_1C_15	181	TP	87	13	4	5_15cm		Mineral	9/20/23	10.295	0.25385	0.415	0.005	4.255	0.14	0.595	0.8265	0.292578067	2.846	0.5725
ASCC154_15_101_0923_TP_1C_5	146	TP	101	15	4	0_5cm		Mineral	9/15/23	15.905	0.6095	0.355	0.005	1.37	0.225	0.84	0.772	0.761277089	1.069	0.428
ASCC155_13_88_0923_TP_1C_5	183	TP	88	13	4	0_5cm		Mineral	9/20/23	11.985	0.4344	0.325	0.005	3.56	0.21	0.355	0.7215	0.407392799	0.424374138	0.4395
ASCC156_8_52_0923_TP_1C_15	126	TP	52	8	2	5_15cm		Mineral	9/18/23	11.555	0.1252	0.495	0.045	2.39	0.78901882	0.45	1.034	0.1265	0.980327242	0.7915
ASCC157_13_88_0923_TP_1C_15	184	TP	88	13	4	5_15cm		Mineral	9/20/23	18.63	0.992	0.295	0.005	2.65	0.265	0.67	0.6915	0.227958759	1.2605	0.5625
ASCC159_12_84_0923_TP_1C_5	94	TP	84	12	3	0_5cm		Mineral	9/18/23	30.325	0.6115	0.96	0.355	3.525	0.827020415	1.91	3.864	0.236	0.202307618	2.3735
ASCC17_T4A_3_0923_SJ_1C_15	242	SJ	6	TA	4	5_15cm		Mineral	11/7/23	9.175	0.641	0.35	0.005	1.565	0.1884	1.38992	0.716	1.3945	0.010342255	0.738
ASCC18_C3_5_0923_SJ_1C_15	211	SJ	3	C	3	5_15cm		Mineral	10/24/23	16.605	3.071	0.395	1.57	8.76	1.885	11.425	1.0505	2.721	0.975	0.5965
ASCC19_T2B_2_0923_SJ_1C_15	201	SJ	3	TB	2	5_15cm		Mineral	10/23/23	13.62	1.353	0.325	0.005	1.965	0.67	5.335	0.7345	0.883	0.96	0.651
ASCC2_T1A_6_0923_SJ_1C_15	250	SJ	3	TA	1	5_15cm		Mineral	11/9/23	35.7	2.564	0.645	0.005	3.32	1.625	8.02	1.5085	0.1935	0.3687308	1.3095
ASCC21_T2C_3_0923_SJ_1C_15	227	SJ	3	TC	2	5_15cm		Mineral	10/25/23	27.56	2.4865	0.72	1.225	14.015	2.09	10.76	1.181	0.5595	2.181	1.212
ASCC22_T3B_5_0923_SJ_1C_15	206	SJ	5	TB	3	5_15cm		Mineral	10/24/23	20.885	8.505	0.55	0.015	4.495	2.4	13.805	1.151	10.9205	0.391	1.1925
ASCC23_C4_4_0923_SJ_1C_15	234	SJ	6	C	4	5_15cm		Mineral	10/31/23	9.905	1.297	0.43	1.08	1.62	0.735	9.17	0.99	0.536	0.473321262	1.1485
ASCC238_112_0823_SF_1C_5	22	SF	112	14	4	0_5cm		Mineral	8/25/23	21.755	0.42795	1.26	0.03	3.73	0.342	1.99834	2.519	0.129874	2.434	1.195
ASCC277_57_0823_SF_1C_5	49	SF	57	7	3	0_5cm		Mineral	8/25/23	20.65	1.181	0.64	0.03	4.34	0.284210184	2.0985	1.94	0.293874	1.7749	1.671
ASCC278_85_0823_SF_1C_15	14	SF	85	9	3	5_15cm		Mineral	8/25/23	12.22	1.2005	1.16	0.03	2.56	0.5584	2.9874	1.842	0.1774	2.1094	1.214
ASCC279_168_0823_SF_1C_15	89	SF	168	0	2	5_15cm		Mineral	8/25/23	15.245	0.988	0.957	0.015	2.375	0.347374563	1.7436	1.503	0.0934	0.8035	1.057
ASCC28_C1_5_0923_SJ_1C_15	194	SJ	4	C	1	5_15cm		Mineral	10/23/23	25.33	2.176	0.495	0.01	3.575	0.48	3.99	1.833	0.179975493	0.455594479	1.637
ASCC280_37_0823_SF_1C_15	38	SF	37	4	1	5_15cm		Mineral	8/25/23	19.69	0.9405	0.957	0.02	2.86	0.2894	1.8034	1.698	0.09347	1.9834	1.092
ASCC281_103_0823_SF_1C_5	19	SF	103	13	4	0_5cm		Mineral	8/25/23	72.05	4.677	1.13	0.03	6.11	0.56	2.2	1.881	0.099874	3.034	1.176
ASCC282_154_0823_SF_1C_15	83	SF	154	16	2	5_15cm		Mineral	8/25/23	21.465	0.798	1.27	0.02	2.29	0.170829788	3.0923	3.612	0.1623	0.9934	1.2145
ASCC284_154_0823_SF_1C_5	82	SF	154	16	2	0_5cm		Mineral	8/25/23	28.33	1.081	1.08	0.015	2.99	0.445139724	1.345	4.102	0.19834	1.98734	1.9765
ASCC286_162_0823_SF_1C_5	85	SF	162	0	2	0_5cm		Mineral	8/25/23	34.02	1.6735	1.18	0.015	1.26	0.83243661	2.098	2.0995	0.228974	2.09485	1.471
ASCC289_114_0823_SF_1C_15	26	SF	114	14	4	5_15cm		Mineral	8/25/23	10.31	0.5975	1.03	0.04	2.61	0.3012	0.80934	2.104	0.2114	2.2984	1.173
ASCC290_101_0823_SF_1C_5	16	SF	101	13	4	0_5cm		Mineral	8/25/23	52.4	1.555	0.9	0.02	7.88	0.23	1.5340897	2.778	0.29875	2.485	1.737
ASCC291_84_0823_SF_1C_15	11	SF	84	9	3	5_15cm		Mineral	8/25/23	12.31	0.75495	1.45	0.019	3.1	0.307	1.8934	2.04	0.1774	2.0832	1.788
ASCC292_55_0823_SF_1C_5	46	SF	55	7	3	0_5cm		Mineral	8/25/23	19.67	0.7985	0.64	0.04	4.68	0.241159591	1.99845	2.061	0.209875	1.775	1.913
ASCC293_62_0823_SF_1C_5	1	SF	62	12	2	0_5cm		Mineral	8/25/23	14.59	1.161	1.42	0.08	2.46	0.27	1.18	2.063	0.188735	2.1098	3.093
ASCC295_26_0823_SF_1C_5	64	SF	26	3	1	0_5cm		Mineral	8/25/23	32.555	2.296	1.25	0.0715	6.39	0.86802794	1.66	2.993	0.225	1.82398	1.176
ASCC296_122_0823_SF_1C_5	73	SF	122	5	2	0_5cm		Mineral	8/25/23	16.895	0.568	0.44	0.04	1.68	0.516965853	2.098435	1.8015	0.29874	2.111	1.9485
ASCC297_64_0823_SF_1C_15	71	SF	64	12	2	5_15cm		Mineral	8/25/23	19.375	1.2025	0.971	0.035	2.695	0.525921312	2.3384	1.0775	0.129	1.9834	1.023
ASCC298_76_0823_SF_1C_5	7	SF	76	8	3	0_5cm		Mineral	8/25/23	34.64	0.5985	1.18	0.03	2.12	0.2	1.0945	3.345	0.30985	2.39875	2.148
ASCC299_5_0823_SF_1C_15	53	SF	5	1	1	5_15cm		Mineral	8/25/23	16.455	1.263	0.9	0.03	3.46	0.172413176	1.54362	1.478	0.14737	2.50934	1.058
ASCC3_T4A_5_0923_SJ_1C_5	261	SJ	6	TA	4	0_5cm		Mineral	11/10/23	13.825	2.476	0.315	0.2305	3.825	0.535	3.255	1.396	6.5115	0.380503709	1.1835
ASCC300_32_0823_SF_1C_15	35	SF	32	4	1	5_15cm		Mineral	8/25/23	38.61	0.879	1.24	0.03	2.15	0.3388	2.09845	1.823	0.1873	2.3309	1.16
ASCC301_16_0823_SF_1C_15	62	SF	16	2	1	5_15cm		Mineral	8/25/23	23.285	1.1115	1.185	0.062	2.92	0.983213718	1.96	3.3245	0.228	1.334	1.1195
ASCC302_151_0823_SF_1C_5	79	SF	151	16	2	0_5cm		Mineral	8/25/23	23.14	0.707	0.805	0.045	2.69	0.602227397	1.62	2.144	0.18464	0.79	1.6985
ASCC303_43_0823_SF_1C_5	43	SF	43	6	3	0_5cm		Mineral	8/25/23	8.455	0.25865	0.48	0.034	2.25	0.934662251	2.4098	1.864	0.29875234	1.9834	2.097
ASCC304_8_0823_SF_1C_5	55	SF	8	1	1	0_5cm		Mineral	8/25/23	17.205	1.035	1.17	0.029	1.77	0.021015458	1.44678	2.169	0.234874	2.251	1.895
ASCC306_8_0823_SF_1C_15	56	SF	8	1	1	5_15cm		Mineral	8/25/23	16.67	0.9805	0.9	0.029	4.98	0.711066775	1.09463	1.981	0.106	2.328	1.802
ASCC307_125_0823_SF_1C_5	76	SF	125	5	2	0_5cm		Mineral	8/25/23	14.22	0.6425	0.91	0.01	3.1	0.997082082	2.30984	3.008	0.22774	1.8734	1.738
ASCC308_64_0823_SF_1C_5	70	SF	64	12	2	0_5cm		Mineral	8/25/23	14.21	0.9645	0.85	0.047	0.885	0.722789677	1.99843	1.1735	0.2108973	2.0911	2.823
ASCC309_26_0823_SF_1C_15	65	SF	26	3	1	5_15cm		Mineral	8/25/23	23.309	1.004	0.976	0.052	5.195	0.356188687	1.685	2.1675	0.1774	3.095	1.1015
ASCC31_T4B_5_0923_SJ_1C_5	204	SJ	5	TB	4	0_5cm		Mineral	10/24/23	17.97	5.075	0.59	0.6	5.07	0.64	1.92	1.1555	7.401	1.6165	0.9795
ASCC310_122_0823_SF_1C_15	74	SF	122	5	2	5_15cm		Mineral	8/25/23	21.905	0.8042	1.02	0.05	3.375	0.228633147	2.30984	1.542	0.12984	1.8834	0.9345
ASCC311_103_0823_SF_1C_15	20	SF	103	13	4	5_15cm		Mineral	8/25/23	40.955	0.6945	1.08	0.01	3.33	0.41	1.43	1.647	0.21983	2.616	1.705
ASCC312_27_0823_SF_1C_5	67	SF	27	3	1	0_5cm		Mineral	8/25/23	23.125	1.773	1.065	0.035	3.29	0.322908462	1.98745	2	0.2315	1.9934	1.9125
ASCC313_55_0823_SF_1C_15	47	SF	55	7	3	5_15cm		Mineral	8/25/23	21.74	1.2065	0.952	0.011	2.75	0.494418571	3.20984	1.788	0.16643	2.5574	1.254
ASCC314_151_0823_SF_1C_15	80	SF	151	16	2	5_15cm		Mineral	8/25/23	24.98	1.2835	1.025	0.065	4.92	0.856360998	2.855	3.9795	0.162	0.838	1.5045
ASCC315_75_0823_SF_1C_15	5	SF	75	8	3	5_15cm		Mineral	8/25/23	18.25	0.7505	1.02	0.02	2.8	1.2908	2.33094	2.02	0.2091	2.2093	1.327
ASCC316_114_0823_SF_1C_5	25	SF	114	14	4	0_5cm		Mineral	8/25/23	22.09	0.409	1.184	0.043	4.309	0.382	1.78734	2.645	0.229875	3.1093	1.994
ASCC317_101_0823_SF_1C_15	17	SF	101	13	4	5_15cm		Mineral	8/25/23	57.1	1.0685	0.92	0.03	6.37	0.61	3.29	2.182	0.2091	2.359	1.387
ASCC318_162_0823_SF_1C_15	86	SF	162	0	2	5_15cm		Mineral	8/25/23	17.895	0.92235	1.21	0.065	2.055	0.061625202	1.8834	3.193	0.1175	0.7563	1.1415
ASCC319_37_0823_SF_1C_5	37	SF	37	4	1	0_5cm		Mineral	8/25/23	18.645	0.2788	0.7	0.02	4.25	0.483098234	2.3094	2.083	0.199875	2.6565	1.656
ASCC32_C3_5_0923_SJ_1C_15	205	SJ	3	C	3	5_15cm		Mineral	10/24/23	10.93	2.5795	0.485	1.405	7.22	0.955	5.605	1.206	2.906	1.3585	0.5665
ASCC320_32_0823_SF_1C_5	34	SF	32	4	1	0_5cm		Mineral	8/25/23	15.96	0.13015	1.11	0.03	2.49	0.4898234	1.6876	1.811	0.2209875	3.33885	1.427
ASCC321_62_0823_SF_1C_15	2	SF	62	12	2	5_15cm		Mineral	8/25/23	13.75	0.894	1.2	0.009	2.54	0.18	2.48	1.744	0.128	2.4884	0.914
ASCC322_13_0823_SF_1C_5	58	SF	13	2	1	0_5cm		Mineral	8/25/23	22.455	1.239	0.85	0.058	2.27	0.994121902	1.265	2.333	0.18346	1.84646	1.5565
ASCC323_125_0823_SF_1C_15	77	SF	125	5	2	5_15cm		Mineral	8/25/23	13.54	0.9055	0.86	0.015	3.565	0.753182584	2.30984	3.1135	0.11673	1.7845	0.9725
ASCC324_112_0823_SF_1C_15	23	SF	112	14	4	5_15cm		Mineral	8/25/23	14.415	0.6495	1.12	0.02	3.16	0.382	1.88394	2.228	0.2398	2.27	0.893
ASCC325_84_0823_SF_1C_5	10	SF	84	9	3	0_5cm		Mineral	8/25/23	25.875	1	1.64	0.03	2.36	0.43	1.3875	2.895	0.22987	2.3384	3.221
ASCC326_57_0823_SF_1C_15	50	SF	57	7	3	5_15cm		Mineral	8/25/23	15.4	0.611	1.11	0.031	3	0.608919427	1.4473	2.117	0.1554	2.56483	2.081
ASCC327_13_0823_SF_1C_15	59	SF	13	2	1	5_15cm		Mineral	8/25/23	24.395	0.76	0.865	0.065	2.86	0.970566547	1.12	1.8385	0.1145	1.98344	1.107
ASCC328_168_0823_SF_1C_5	88	SF	168	0	2	0_5cm		Mineral	8/25/23	19.665	0.6035	0.44	0.015	2.075	0.344834249	2.11987	2.9205	0.221987	3.20984	1.0585
ASCC329_85_0823_SF_1C_5	13	SF	85	9	3	0_5cm		Mineral	8/25/23	19.615	0.619	1.08	0.08	2.81	0.32	1.7734098	1.993	0.1909845	2.778	1.752
ASCC33_T2C_7_0923_SJ_1C_5	218	SJ	3	TC	2	0_5cm		Mineral	10/24/23	23.375	1.6115	0.755	1.215	16.08	1.71	7.06	1.5795	0.469	1.839	1.3125
ASCC330_16_0823_SF_1C_5	61	SF	16	2	1	0_5cm		Mineral	8/25/23	17.44	1.095	0.775	0.095	2.71	0.227219469	1.530982345	1.968	0.2155	1.7774	2.044
ASCC331_5_0823_SF_1C_5	52	SF	5	1	1	0_5cm		Mineral	8/25/23	24.245	1.598	0.8	0.037	1.44	0.779210496	1.985876	1.374	0.387642	2.228	1.195
ASCC332_27_0823_SF_1C_15	68	SF	27	3	1	5_15cm		Mineral	8/25/23	13.12	0.836	0.925	0.085	2.595	0.342176529	2.09834	1.6415	0.1733	2.8854	0.9835
ASCC333_40_0823_SF_1C_5	40	SF	40	6	3	0_5cm		Mineral	8/25/23	22.795	0.972	0.6	0.02	4.32	0.44876234	2.11098	1.727	0.18664	2.38764	1.865
ASCC334_75_0823_SF_1C_5	4	SF	75	8	3	0_5cm		Mineral	8/25/23	19.67	0.44215	0.75	0.02	2.28	0.32	1.435	2.561	0.229875	1.99747	2.461
ASCC336_40_0823_SF_1C_15	41	SF	40	6	3	5_15cm		Mineral	8/25/23	15.515	0.849	0.951	0.03	3.27	0.257364457	1.883	1.366	0.0837	1.884	1.243
ASCC337_43_0823_SF_1C_15	44	SF	43	6	3	5_15cm		Mineral	8/25/23	20.465	0.9696	0.95	0.03	2.61	0.19943679	2.98734	1.714	0.1883	2.3094	1.457
ASCC35_T4C_6_0923_SJ_1C_5	239	SJ	6	TC	4	0_5cm		Mineral	11/7/23	11.62	2.233	0.375	1.39	8.21	1.285	8.94	1.1435	2.098	1.861	1.0495
ASCC37_T1B_5_0923_SJ_1C_5	271	SJ	5	TB	1	0_5cm		Mineral	11/10/23	14.46	1.932	0.3509	0.2984	4.5093	0.9845	5.2098	0.57263	0.867651939	0.776938653	0.479804358
ASCC38_T1B_5_0923_SJ_1C_15	266	SJ	5	TB	1	5_15cm		Mineral	11/10/23	19.34	1.009	0.335	0.01	1.685	0.485	2.46	1.2185	0.1885	0.160874332	1.037
ASCC40_T3A_4_0923_SJ_1C_15	210	SJ	5	TA	3	5_15cm		Mineral	10/24/23	10.385	0.793	1.39	0.79	2.03	0.785	1.465	1.33	1.009	0.1915	1.185
ASCC41_TC3_5_0923_SJ_1C_15	263	SJ	5	TC	3	5_15cm		Mineral	11/10/23	13.665	3.569	0.53	0.005	1.945	0.675	2.6	0.9545	8.3605	0.284052559	0.729
ASCC43_T1C_3_0923_SJ_1C_15	256	SJ	4	TC	1	5_15cm		Mineral	11/10/23	13.28	0.69	0.515	0.005	2.21	0.44	1.335	0.828	0.1905	0.821546202	0.835
ASCC46_C4_6_0923_SJ_1C_5	233	SJ	6	C	4	0_5cm		Mineral	10/31/23	14.99	3.359	0.455	2.465	5.43	1.68	14.585	1.846	0.2145	0.890166898	1.8845
ASCC51_T2B_3_0923_SJ_1C_5	200	SJ	3	TB	2	0_5cm		Mineral	10/23/23	11.855	4.095	0.275	0.01	10.465	2.855	19.865	0.684	10.2075	1.442	0.903
ASCC57_T1C_6_0923_SJ_1C_5	246	SJ	4	TC	1	0_5cm		Mineral	11/9/23	16.715	1.5225	0.4	0.305	3.945	0.375	1.16	0.7795	1.2455	1.8225	0.7045
ASCC59_T4C_6_0923_SJ_1C_15	232	SJ	6	TC	4	5_15cm		Mineral	10/31/23	12.19	1.983	0.46	1.325	5.78	1.21	7.305	0.99	0.414	1.549	1.2055
ASCC64_T2A_3_0923_SJ_1C_15	235	SJ	5	TA	2	5_15cm		Mineral	11/7/23	6.84	1.256	0.2015	0.985	0.50934	1.78	2.605	3.83	0.152050623	0.652	0.127957967
ASCC70_T4B_4_0923_SJ_1C_15	247	SJ	3	TB	4	5_15cm		Mineral	11/9/23	12.135	1.3375	0.225	0.005	2.445	0.02	0.48975	0.6135	1.037	0.76313188	0.977
ASCC79_T2A_3_0923_SJ_1C_5	223	SJ	4	TA	2	0_5cm		Mineral	10/25/23	12.28	6.382	0.365	1.065	10.715	2	13.325	1.0215	0.237	1.826	0.7475
ASCC95_14_97_0923_TP_1C_15	175	TP	97	14	4	5_15cm		Mineral	9/20/23	19.305	0.711	0.66	0.005	1.36	0.34	1.025	1.09	0.377996011	0.987688231	1.2395
ASCC96_16_111_0923_TP_1C_5	134	TP	111	16	4	0_5cm		Mineral	9/13/23	11.15	0.7975	0.63	0.055	1.04	0.2995	1.389545	1.108	0.016	0.175	0.6925
ASCC98_16_110_0923_TP_1C_15	92	TP	110	16	4	5_15cm		Mineral	9/21/23	20.395	1.086	0.88	0.03	4.87	0.087591265	1.58	5.7815	0.366260663	0.685309429	1.1365
ASCC99_10_68_0923_TP_1C_15	166	TP	68	10	3	5_15cm		Mineral	9/20/23	6.015	0.0886	0.655	0.1	0.92	0.04	0.7645	0.911	0.065651393	0.154039939	1.0935